0.003781;0.00148;0.002674;0.001451;0.001719;0.001483;0.001701
0.01101;0.002284;0.010729;0.001621;0.010369;0.002028;0.001716
0.009192;0.009945;0.012604;0.002118;0.014118;0.007524;0.038422
0.041254;0.011888;0.095208;0.058176;0.039787;0.008825;0.051888
0.042743;0.344159;0.053142;0.055835;0.052873;0.009761;0.046036
0.036761;0.126591;0.03666;0.049617;0.060269;0.170086;0.026859
0.044169;0.062292;0.04577;0.067585;0.039157;0.029028;0.052565
0.03529;0.079317;0.087187;0.056315;0.046248;0.037729;0.04245
0.053814;0.054193;0.058904;0.052988;0.042209;0.054745;0.034684
0.034829;0.046431;0.041627;0.035198;0.040491;0.046182;0.0491
0.046286;0.056716;0.039374;0.048936;0.076413;0.048827;0.049384
0.050963;0.047716;0.082976;0.035302;0.115924;0.046609;0.086993
0.088843;0.082107;0.198127;0.06696;0.111595;0.093283;0.083724
0.073706;0.055231;0.07947;0.071765;0.091639;0.054902;0.090252
0.11476;0.094946;0.099529;0.066586;0.243139;0.07495;0.211792
0.206001;0.065741;0.101847;0.085878;0.178592;0.108778;0.20517
0.12592;0.071877;0.3651;0.114943;0.258393;0.203975;0.320113
0.25286;0.059044;0.365335;0.130447;0.435968;0.216164;0.917591
0.188148;0.109203;0.338557;0.132919;0.639381;0.212294;1.32886
0.152069;0.104538;0.917998;0.186104;0.74637;0.372409;1.7913
0.307085;0.125745;0.939394;0.319332;1.21813;0.383579;4.87866
0.298165;0.153879;1.17739;0.882797;1.32907;0.392752;5.76946
0.378874;0.19041;1.28156;1.04351;7.54074;0.290554;9.55178
0.827027;0.278027;1.51699;1.21898;4.90192;0.954853;25.3601
0.839243;0.291963;4.21378;2.04049;9.19712;1.34032;34.7919
0.849274;0.172785;4.86058;4.82707;18.1924;1.51645;63.6624
1.35667;0.449033;6.16122;4.45732;18.8863;2.21654;99.4207
1.86108;0.526944;10.8264;7.99321;40.8586;2.4791;542.212
5.52885;1.4962;6.93079;16.0691;79.5534;5.76863;437.562
10.3685;1.88337;8.28827;34.2112;53.7126;5.40224;1062.35
19.7063;1.75911;14.8565;57.3698;68.8178;9.95303
39.0003;2.76271;8.93643;71.7483;97.2739;19.0357
61.964;2.29199;11.7163;290.226;150.276;14.9406
67.3355;3.41707;6.49387;299.528;206.311;27.2288
88.9162;4.08155;10.2828;161.395;321.593;52.076
