1042.47204872;1042.47204872;1042.47204872;972.163712369;972.163712369;1042.47204872;1042.47204872
1042.47204872;1006.09104286;1006.09104286;972.163712369;1006.09104286;1042.47204872;1042.47204872
1017.93257893;1017.93257893;1017.93257893;994.521842186;1017.93257893;1042.47204872;1042.47104247
1006.09104286;1023.95849555;941.507536637;1006.09033993;1023.95776743;1042.47204872;1042.46902998
999.118000831;1027.60782603;960.104971477;1013.16210143;1027.60782603;1042.47204872;1042.47144497
1006.09151148;1030.0571634;972.917753317;1006.09104286;1030.05568977;1042.47154559;983.984737303
941.936352015;1031.81385095;982.27730078;1011.13167703;1031.81089363;1042.46989248;946.070952318
953.429914459;1033.13159765;989.418716504;972.728804898;1033.13159765;1042.47167138;957.13338551
962.565129117;1034.15884105;995.04626658;943.193823128;996.332941258;1042.47037164;965.919728493
950.362563318;1034.98508328;999.593776196;947.804411082;1018.79305285;1042.47053935;941.716634326
958.056944389;1028.93997616;997.036334673;955.694624676;1015.12718954;1042.47149986;922.280193381
964.564964455;1030.05495295;972.91556219;962.371068452;989.363653665;1042.47053935;907.146423932
965.146855962;1031.00028397;977.935640551;968.092058108;1004.87859971;1042.47135209;905.680532803
970.286702394;1031.80983745;884.270253342;968.382875532;1007.47369574;998.632032628;856.905896431
971.85000467;1032.51445377;887.963944717;941.686417377;1009.73307893;1001.43966224;871.425240187
975.982857946;1033.1299299;896.266629364;928.600458851;1011.71819082;982.813224366;906.139377451
976.382862056;1033.67709853;903.72187221;933.388116505;929.285192919;982.180012733;896.685165926
979.834314251;1028.4047617;874.307974444;940.010093503;1015.0458619;1018.20577059;791.409204236
965.848909883;1029.13613801;881.794198516;943.784393283;937.913293755;1005.22777227;790.165352497
965.073455494;1029.79526669;910.116283788;949.340425961;943.481278187;1020.58231025;810.912540154
969.542390099;1030.39234915;915.652535056;928.469984629;906.990521469;1021.60422674;793.803627683
912.967563023;1014.66901356;920.745334047;919.442232907;909.158114994;1022.53501924;803.358199569
920.540254847;1015.84734121;925.4439756;935.617747267;885.863164526;1020.23641391;811.450785804
975.337397314;1016.92988163;908.655702782;903.418214563;899.173790416;1021.14189192;799.502827686
930.041551156;1017.92785855;913.345623583;908.264571818;904.163492048;1007.88321456;809.562480053
922.578603253;1018.8496991;917.717957034;893.726128513;908.801215463;1009.17138404;821.70163171
925.784116288;1019.70581487;970.786613811;906.747122127;913.138027013;1010.36602276;810.056298913
929.500177878;1007.93438347;925.629864493;910.984109563;902.180780381;978.463513309;918.609385782
932.986877057;989.248929806;908.438453469;915.064886778;873.614068601;980.539852934;912.983411161
899.589337467;982.110940161;901.917024636;898.837727915;878.356776649;982.485736217;889.238875745
894.663189772;984.96855029;905.856361376;893.500862076;882.839661683;962.615332703
898.64515202;945.904369561;905.006950956;903.89203198;883.044375203;964.118715151
902.417521849;946.679096744;912.657662956;900.024068825;891.109361396;964.360389595
899.908818062;984.988501627;910.599850956;886.406243313;876.762756952;952.7170572
860.52454298;949.54230177;913.902480368;909.543252644;880.763065159;955.066689427
