0.0;0.0;0.0;3.33333333336e-06;3.33333333336e-06;0.0;0.0
0.0;1.66666666668e-06;1.66666666668e-06;3.33333333336e-06;1.66666666668e-06;0.0;0.0
1.11111111112e-06;1.11111111112e-06;1.11111111112e-06;2.22222222224e-06;1.11111111112e-06;0.0;0.0
1.66666666668e-06;8.33333333339e-07;8.33333333228e-07;1.66666666668e-06;8.33333333339e-07;0.0;0.0
2.00000000001e-06;6.66666666671e-07;6.66666666582e-07;1.33333333334e-06;6.66666666671e-07;0.0;0.0
1.66666666668e-06;5.55555555559e-07;5.55555555485e-07;1.66666666668e-06;5.55555555559e-07;0.0;-7.40148683083e-17
0.226014285714;4.76190476194e-07;4.7619047613e-07;1.42857142858e-06;4.76190476194e-07;0.0;-1.26882631386e-16
0.1977625;4.16666666669e-07;4.16666666614e-07;1.24999999995e-06;4.16666666669e-07;0.0;-1.11022302463e-16
0.175788888889;3.70370370373e-07;3.70370370323e-07;0.123913333333;0.114209259259;0.0;-9.86864910778e-17
0.22448;3.33333333336e-07;3.33333333291e-07;0.105309333333;0.0477753333333;0.0;-1.33226762955e-16
0.204072727273;6.06060606065e-07;6.06060606024e-07;0.0957357575758;0.060763030303;0.0;0.0856627272727
0.187066666667;5.55555555559e-07;5.55555555485e-07;0.0877577777778;0.124214722222;0.0;0.0785241666667
0.172677179487;5.12820512824e-07;5.12820512756e-07;0.0810071794872;0.0784343589744;0.0;0.107046923077
0.160343095238;4.76190476194e-07;0.351019761905;0.0752211904762;0.0728319047619;0.130997857143;0.342162142857
0.159297555556;4.44444444447e-07;0.348571111111;0.176493111111;0.0679764444444;0.122264666667;0.287888
0.149341458333;4.16666666669e-07;0.326785416667;0.165462291667;0.0637279166667;0.114623125;0.182919375
0.151209607843;3.92156862748e-07;0.307562745098;0.16006627451;0.338072745098;0.107880784314;0.172159411765
0.142809074074;0.0168381481481;0.431744259259;0.147077592593;0.056647037037;1.85185185162e-07;0.650153333333
0.135292807018;0.0159519298246;0.409018245614;0.143217192982;0.309950877193;0.0431980701754;0.615934736842
0.132164333333;0.0151543333333;0.2951765;0.132369833333;0.291509833333;1.66666666646e-07;0.532047
0.122407936508;0.0144326984127;0.28112047619;0.213665555556;0.425194603175;1.5873015871e-07;0.596683809524
0.316062727273;0.0137766666667;0.268342272727;0.253511212121;0.369582121212;1.51515151496e-07;0.584240909091
0.292700869565;0.0131776811594;0.256675217391;0.20134942029;0.416246811594;2.89855072446e-07;0.558839130435
0.107107083333;0.0126286111111;0.32380625;0.325670277778;0.368899027778;2.77777777761e-07;0.640825833333
0.266376;0.0121234666667;0.310854;0.312643466667;0.354070266667;2.66666666633e-07;0.60189
0.256130769231;0.0116571794872;0.298898076923;0.364991153846;0.340452179487;2.56410256378e-07;0.554994615385
0.249337777778;0.0112254320988;0.117544074074;0.311891234568;0.327842839506;2.46913580216e-07;0.599635555556
0.240432857143;0.0108245238095;0.277548214286;0.300752261905;0.33459952381;0.0983827380952;0.167965357143
0.232142068966;0.072271954023;0.337124942529;0.29000045977;0.415119885057;0.0949902298851;0.160474137931
0.352665777778;0.0980678888889;0.358132222222;0.355563777778;0.401282555556;0.0918238888889;0.260926333333
0.341289462366;0.0916292473118;0.346579569892;0.345818494624;0.388337956989;0.16009827957
0.330624166667;0.224647395833;0.353037083333;0.310531354167;0.392250833333;0.157796770833
0.320605252525;0.21784;0.327255050505;0.32323989899;0.364802323232;0.153015151515
0.334405980392;0.0925070588235;0.337817843137;0.380726960784;0.426104019608;0.195046764706
0.496569238095;0.212736285714;0.328165904762;0.29558647619;0.413929619048;0.189474
