0.001911;0.003718;0.002033;0.001767;0.00219;0.001912;0.002143;0.002297;0.001866;0.002042;0.002067;0.001791;0.001891;0.00184;0.002069;0.0019;0.001999;0.001974;0.001947;0.002098;0.001821
0.002262;0.002429;0.027817;0.002196;0.022754;0.001934;0.004556;0.091036;0.002345;0.00839;0.001809;0.031765;0.022428;0.008941;0.112137;0.002626;0.002012;0.030635;0.001941;0.002777;0.00222
0.020945;0.003112;0.025041;0.045693;0.012049;0.003062;0.132243;0.136017;0.002843;0.009651;0.046437;0.036124;0.039773;0.00985;0.037005;0.002426;0.002521;0.085461;0.002398;0.147252;0.002787
0.037729;0.077753;0.03634;0.025509;0.0132;0.075467;0.051554;0.020483;0.003035;0.01297;0.022149;0.02573;0.036917;0.009738;0.01661;0.003158;0.002182;0.021449;0.039716;0.018584;0.003539
0.04949;0.026025;0.106743;0.028224;0.05817;0.061425;0.04093;0.018612;0.019695;0.035206;0.044287;0.028926;0.022322;0.030208;0.024708;0.003459;0.002548;0.028775;0.027392;0.023322;0.034156
0.065203;0.057334;0.037711;0.036125;0.026977;0.092841;0.027182;0.026211;0.043747;0.034706;0.024015;0.038097;0.027832;0.075458;0.030343;0.004307;0.010286;0.032171;0.041324;0.036772;0.03916
0.039993;0.040941;0.041663;0.040361;0.029455;0.086856;0.040969;0.086968;0.023069;0.039426;0.040592;0.045543;0.048508;0.028466;0.029376;0.003659;0.012376;0.036744;0.031793;0.018286;0.049453
0.043746;0.034007;0.031051;0.045498;0.043574;0.04405;0.049218;0.054465;0.034011;0.064013;0.038409;0.195299;0.031886;0.03269;0.03012;0.046801;0.08611;0.034401;0.026074;0.027738;0.052307
0.042712;0.045583;0.053164;0.022781;0.055018;0.035252;0.017069;0.047377;0.046794;0.103247;0.037175;0.100197;0.047821;0.019383;0.054064;0.038456;0.064715;0.060143;0.027977;0.044697;0.039983
0.048382;0.072428;0.053206;0.047546;0.046303;0.03663;0.037141;0.042263;0.057158;0.062921;0.076986;0.044356;0.052017;0.025619;0.04863;0.040243;0.053003;0.059317;0.043012;0.028472;0.048157
0.04061;0.114968;0.07338;0.054908;0.054662;0.042233;0.062518;0.044962;0.040787;0.040843;0.050789;0.048846;0.053354;0.044564;0.061035;0.037361;0.037467;0.10068;0.053966;0.065213;0.071163
0.042775;0.133301;0.05248;0.043808;0.06876;0.044062;0.028317;0.045593;0.060023;0.081504;0.07628;0.05464;0.117649;0.049773;0.053929;0.116333;0.060946;0.056688;0.041334;0.05244;0.046629
0.042984;0.157695;0.090169;0.079377;0.065332;0.068995;0.046147;0.174917;0.168964;0.047136;0.065415;0.113964;0.281039;0.062233;0.080922;0.080253;0.05307;0.075794;0.077926;0.033334;0.049637
0.080933;0.769342;0.056992;0.096096;0.067308;0.088857;0.047243;0.063482;0.112406;0.048217;0.111256;0.178404;0.198937;0.049724;0.093177;0.058968;0.047599;0.051942;0.051803;0.109985;0.058898
0.064628;0.331856;0.065546;0.066011;0.199513;0.187502;0.037734;0.105676;0.095765;0.11002;0.09998;0.244549;0.185778;0.056148;0.158569;0.097386;0.089397;0.072309;0.055627;0.119283;0.096974
0.05443;0.524807;0.130585;0.056626;0.193461;0.263473;0.049358;0.08143;0.116961;0.092745;0.13605;0.365584;0.301285;0.116037;0.143374;0.103482;0.084923;0.078775;0.072612;0.270064;0.09481
0.059217;0.551668;0.112158;0.055203;0.181244;0.297077;0.042954;0.307011;0.289561;0.075357;0.241582;0.501817;0.371079;0.112426;0.239941;0.133703;0.080618;0.071062;0.108684;0.130862;0.258428
0.052429;0.71456;0.150846;0.05522;0.261064;0.298034;0.043314;0.103677;0.141808;0.104506;0.26353;0.41795;0.390362;0.108415;0.297551;0.104408;0.128392;0.095792;0.127453;0.138912;0.21458
0.075741;0.978306;0.13305;0.09646;0.474523;0.338114;0.056254;0.105974;0.194369;0.085298;0.337793;0.589491;0.868893;0.137056;0.424382;0.119646;0.118758;0.182256;0.176094;0.153146;0.267638
0.123902;0.227203;0.151519;0.071098;0.651972;1.05414;0.157649;0.150296;0.154887;0.120123;0.345016;0.632773;1.14832;0.20003;0.349007;0.210508;0.16559;0.252855;0.154163;0.30938;0.306711
0.123033;0.457978;0.347192;0.076776;1.31232;2.02928;0.068659;0.124088;0.342064;0.102549;0.313436;1.38797;1.00572;0.345622;0.53052;0.148586;0.158712;0.216361;0.260234;0.48662;0.255431
0.11466;1.04819;0.269168;0.07595;1.4115;2.0577;0.048289;0.136091;0.367774;0.128756;0.348655;2.29571;1.2334;0.261907;0.556388;0.190066;0.213827;0.210976;0.172079;0.400583;0.408894
0.113247;0.620104;0.36157;0.072607;1.26091;2.86571;0.074932;0.31247;0.419074;0.271858;0.370486;6.84534;1.17085;0.418741;0.428037;0.285613;0.178621;0.333552;0.164407;1.20043;0.40527
0.094214;0.621749;0.558777;0.091713;1.62053;6.84804;0.063689;0.346009;0.453218;0.1937;0.341797;7.82328;1.28982;0.359615;1.49178;0.381457;0.194573;0.445702;0.181758;1.15972;0.564146
0.153667;1.79645;0.512331;0.087022;1.83469;8.30381;0.113345;0.419736;1.59275;0.215829;0.373886;7.85762;1.6704;0.3716;1.4218;0.495035;0.24703;0.392861;0.223262;1.58467;1.52398
0.244417;2.10395;0.616037;0.109658;1.98913;2.99962;0.123606;0.551065;2.1796;0.217731;0.485655;8.79033;1.55122;0.476831;1.92909;0.439871;0.198048;0.42876;0.229804;2.89408;1.27553
0.249576;3.19543;0.709448;0.108046;2.03941;3.61112;0.126761;1.15392;2.22945;0.263117;1.19989;17.3073;2.05525;0.506993;2.03403;0.617332;0.227643;0.484832;0.218547;2.9301;1.71432
0.243645;3.13873;0.572261;0.109971;2.0564;7.94989;0.14164;1.69248;2.48724;0.359102;1.28249;16.4348;3.40429;0.566563;3.32687;0.646854;0.222924;0.520603;0.268254;9.05362;1.73991
0.61257;2.97986;0.600455;0.128179;2.3414;3.42432;0.118961;1.77913;2.92186;0.21612;1.30498;12.8345;4.41283;1.48801;2.79379;0.539162;0.294436;0.600983;0.27867;11.0262;2.1354
0.558654;2.98729;0.767705;0.22276;3.78135;3.92673;0.119141;1.71362;2.92767;0.327149;1.61737;13.5551;7.27092;1.22012;4.06308;0.640209;0.346974;0.378124;0.352276;14.9719;1.92799
0.559944;3.94707;0.729147;0.214285;4.29592;8.19873;0.177331;2.32851;3.42155;0.30144;1.50353;14.768;8.25192;0.694712;5.07421;1.56945;0.353702;0.622255;0.324579;24.4249;2.08693
0.606939;4.16517;0.833248;0.247369;4.2654;8.3696;0.255448;2.96625;4.75778;0.309298;1.71941;17.1649;8.6493;0.662255;5.37488;1.54794;0.531045;0.659305;0.332398;29.3152;1.9198
0.529018;5.46859;0.805372;0.25087;10.3615;4.03385;0.425467;4.44784;5.52291;0.376579;1.80024;21.1017;12.0102;0.701271;12.3036;1.68744;0.784332;0.523309;0.489383;32.2684;2.1111
0.61144;15.2453;1.24991;0.334727;5.56634;9.06667;0.352293;6.27319;5.25702;0.328212;2.1337;18.618;9.99235;0.804064;10.3179;2.01651;0.582808;0.754968;0.632364;53.2915;2.66266
0.884303;12.0253;0.859164;0.400914;15.5125;10.7414;0.674838;8.20142;12.8539;0.373702;1.82294;22.4414;9.89088;1.00174;12.2678;1.97076;0.980437;0.81809;0.640047;68.8509;3.60469
