0.004323;0.002515;0.002795;0.002448;0.002803;0.0024;0.002568;0.00301;0.00263;0.002855;0.002558;0.002721;0.002839;0.0039;0.002438;0.002767;0.002444;0.002899;0.002726;0.002684;0.002744
0.004649;0.003866;0.005831;0.003463;0.003906;0.003689;0.003076;0.006841;0.003598;0.003715;0.003398;0.00721;0.006974;0.003219;0.006864;0.003151;0.003945;0.005296;0.003911;0.00329;0.003817
0.010098;0.005863;0.010949;0.009617;0.004338;0.006017;0.010202;0.01311;0.005043;0.006526;0.008095;0.007989;0.010501;0.00516;0.007335;0.004919;0.006287;0.010349;0.005325;0.009737;0.007246
0.017587;0.02054;0.016387;0.009822;0.005877;0.010058;0.010354;0.019529;0.006262;0.007798;0.007164;0.015113;0.015957;0.005518;0.015016;0.005812;0.006384;0.014388;0.00882;0.010061;0.007494
0.019784;0.03102;0.017956;0.010905;0.009124;0.0093;0.021483;0.016932;0.009717;0.012952;0.016111;0.02783;0.022169;0.012754;0.023006;0.009565;0.007551;0.021169;0.013584;0.011705;0.020503
0.026876;0.038486;0.021127;0.018873;0.009007;0.014945;0.021351;0.026814;0.014836;0.021956;0.021898;0.038097;0.029787;0.013764;0.030673;0.008389;0.006799;0.026774;0.014544;0.016048;0.022519
0.030668;0.048759;0.027174;0.02456;0.024627;0.026696;0.023057;0.035568;0.019566;0.032175;0.023692;0.032325;0.040492;0.016165;0.037545;0.008901;0.00906;0.0327;0.016357;0.021156;0.026646
0.035904;0.051978;0.034353;0.03183;0.036129;0.02529;0.022545;0.036283;0.035818;0.045302;0.034143;0.053909;0.050269;0.016363;0.038151;0.013734;0.016533;0.048992;0.019754;0.031728;0.026179
0.046632;0.060992;0.039056;0.038217;0.048065;0.045185;0.023709;0.046413;0.053566;0.043668;0.05325;0.074374;0.059393;0.019209;0.048618;0.015049;0.019552;0.051281;0.024107;0.03287;0.038542
0.05061;0.075336;0.039367;0.041007;0.0575;0.041487;0.027756;0.065614;0.053146;0.042462;0.052793;0.095366;0.07271;0.019071;0.058103;0.025064;0.022411;0.056755;0.028398;0.038624;0.042561
0.051809;0.105562;0.049955;0.043369;0.071376;0.045433;0.029526;0.066047;0.064704;0.060916;0.063828;0.095123;0.07717;0.024459;0.060498;0.029215;0.026351;0.095235;0.043209;0.041157;0.044018
0.048934;0.111718;0.045883;0.058983;0.090831;0.059034;0.030492;0.063302;0.067268;0.061194;0.104006;0.115988;0.104006;0.028345;0.079781;0.038275;0.037955;0.085265;0.050842;0.052274;0.048865
0.058258;0.12674;0.070417;0.087489;0.12251;0.086338;0.031046;0.073672;0.073311;0.060623;0.088766;0.121251;0.116733;0.050736;0.074873;0.049642;0.042661;0.072945;0.066669;0.053231;0.05578
0.067967;0.148645;0.070735;0.079817;0.144628;0.131084;0.032793;0.079079;0.07647;0.063479;0.106676;0.168002;0.120723;0.049059;0.093173;0.058819;0.055548;0.092556;0.077109;0.071969;0.072903
0.062517;0.158311;0.076995;0.088868;0.158702;0.175219;0.039879;0.083232;0.092468;0.068025;0.122069;0.173246;0.125648;0.057561;0.108826;0.062112;0.075986;0.090498;0.087699;0.093009;0.100526
0.077492;0.25653;0.083793;0.082547;0.166634;0.153521;0.036217;0.080593;0.114336;0.068788;0.155342;0.2138;0.172138;0.057924;0.121585;0.062463;0.094593;0.122153;0.086822;0.098899;0.142702
0.076216;0.234871;0.090337;0.092413;0.181587;0.163782;0.038452;0.103254;0.128036;0.072322;0.176285;0.207703;0.194024;0.084031;0.119303;0.08834;0.106894;0.129467;0.090553;0.131933;0.151328
0.088191;0.136093;0.09578;0.09372;0.240913;0.17793;0.039839;0.093166;0.157645;0.081358;0.170728;0.220632;0.211539;0.120868;0.123141;0.103626;0.112165;0.13423;0.124949;0.142083;0.171515
0.076777;0.16229;0.170536;0.095262;0.210253;0.208266;0.038568;0.109035;0.204225;0.0826;0.174364;0.26645;0.238509;0.12463;0.170859;0.125416;0.135161;0.176805;0.141793;0.162518;0.192614
0.08938;0.165265;0.11739;0.112273;0.24276;0.260203;0.042375;0.108349;0.19982;0.095766;0.188474;0.288511;0.275188;0.162768;0.179825;0.144182;0.172434;0.159786;0.150056;0.179878;0.213992
0.099921;0.148382;0.135583;0.099452;0.312811;0.323244;0.044638;0.112407;0.223388;0.091151;0.193255;0.320409;0.280821;0.176534;0.189765;0.165636;0.16367;0.177154;0.143951;0.208596;0.187521
0.094785;0.165234;0.153658;0.109447;0.26619;0.330503;0.050222;0.125072;0.244661;0.110919;0.186621;0.383388;0.285192;0.214992;0.197706;0.174273;0.180195;0.185376;0.162047;0.218257;0.229964
0.100078;0.217889;0.144595;0.119472;0.285928;0.442669;0.046979;0.13156;0.266994;0.112157;0.179827;0.416365;0.281208;0.191228;0.207841;0.200787;0.186452;0.207756;0.152662;0.24924;0.204309
0.103116;0.184624;0.153772;0.107167;0.348521;0.506575;0.050554;0.155854;0.326812;0.112886;0.229786;0.429347;0.295633;0.228678;0.205846;0.233233;0.219049;0.225156;0.171876;0.282229;0.248306
0.132338;0.198335;0.164035;0.12079;0.355817;0.504762;0.051471;0.185357;0.371973;0.111775;0.19657;0.493943;0.3394;0.254684;0.231546;0.227596;0.220852;0.231366;0.172055;0.297998;0.285278
0.141338;0.246249;0.211008;0.115483;0.404931;0.5195;0.053602;0.216922;0.367329;0.136444;0.216698;0.606379;0.384888;0.248695;0.241107;0.245005;0.240861;0.242718;0.174608;0.35848;0.313678
0.144883;0.317518;0.233597;0.123304;0.477612;0.554358;0.05737;0.256373;0.469906;0.13249;0.20967;0.606762;0.386605;0.259553;0.279274;0.250637;0.226939;0.249259;0.184445;0.357875;0.30989
0.203648;0.349016;0.240485;0.130221;0.421421;0.556354;0.074034;0.337289;0.488824;0.150307;0.228461;0.715929;0.454888;0.299703;0.304532;0.274549;0.248504;0.252221;0.173937;0.429381;0.327535
0.201558;0.361242;0.231918;0.135927;0.445591;0.532436;0.080733;0.342997;0.504562;0.14747;0.240384;0.749486;0.484923;0.284854;0.318144;0.264842;0.279991;0.241618;0.186779;0.433284;0.325919
0.220681;0.360501;0.260743;0.160288;0.499491;0.594939;0.12098;0.378941;0.604206;0.161877;0.244371;0.835449;0.485499;0.302498;0.344913;0.274313;0.313569;0.255047;0.187762;0.455135;0.331899
0.217471;0.447656;0.307378;0.200373;0.650009;0.59309;0.132682;0.450412;0.581304;0.147858;0.254204;0.859511;0.473474;0.283583;0.35671;0.297298;0.355324;0.267389;0.186782;0.500511;0.34048
0.234012;0.394471;0.29122;0.213807;0.618663;0.654408;0.154497;0.525413;0.586589;0.151359;0.266709;0.854751;0.482472;0.299667;0.36145;0.28645;0.313004;0.288945;0.22546;0.519757;0.355989
0.236636;0.581863;0.27597;0.244173;0.614701;0.604059;0.176651;0.517565;0.763614;0.164611;0.266293;0.895339;0.515204;0.300669;0.404123;0.285521;0.317983;0.284701;0.25132;0.544723;0.37255
0.26158;0.514218;0.323694;0.238496;0.784958;0.603949;0.22085;0.696434;0.800714;0.165245;0.287325;0.906529;0.503154;0.309284;0.434272;0.307719;0.344076;0.304765;0.23677;0.534578;0.377042
0.273742;0.768918;0.325223;0.239857;0.648727;0.6661;0.235609;0.782175;0.886289;0.16334;0.286685;0.90541;0.555378;0.305889;0.444569;0.358134;0.354773;0.312714;0.262632;0.729099;0.365394
