0.003203;0.003077;0.001971;0.002553;0.001976;0.002364;0.001703;0.001806;0.001772;0.002093;0.001981;0.002072;0.001683;0.002038;0.001955;0.001908;0.001843;0.001953;0.001998;0.001753;0.001801
0.002089;0.001965;0.0646;0.00235;0.010742;0.002127;0.001889;0.011241;0.002458;0.005988;0.003366;0.050611;0.053442;0.006092;0.033983;0.001949;0.001828;0.029817;0.003635;0.001982;0.002277
0.043765;0.003788;0.020601;0.079059;0.010593;0.001983;0.019661;0.022703;0.002193;0.006982;0.066609;0.02455;0.026361;0.00724;0.046697;0.00298;0.003752;0.025575;0.003079;0.022169;0.002924
0.036796;0.063371;0.028214;0.045473;0.010994;0.041164;0.04356;0.075218;0.002292;0.010336;0.018042;0.024841;0.036677;0.010055;0.028865;0.00271;0.002682;0.018266;0.023641;0.019347;0.00281
0.03314;0.03778;0.041926;0.040666;0.045575;0.035695;0.036587;0.040707;0.033716;0.012876;0.078096;0.021413;0.028047;0.118593;0.034279;0.004177;0.002598;0.025453;0.033095;0.021108;0.0297
0.214973;0.03281;0.048557;0.036624;0.022488;0.041694;0.051217;0.038743;0.03751;0.021091;0.061598;0.037288;0.026023;0.026742;0.034636;0.003679;0.009037;0.021807;0.048063;0.019272;0.042126
0.065926;0.057948;0.036971;0.019767;0.045242;0.027742;0.036475;0.029383;0.023259;0.031334;0.070783;0.037853;0.045084;0.045784;0.027208;0.004684;0.015581;0.031005;0.043149;0.020765;0.020717
0.071376;0.044081;0.038328;0.022915;0.033429;0.020704;0.025784;0.031416;0.028355;0.036399;0.043909;0.02827;0.1125;0.042908;0.039999;0.01111;0.027321;0.046291;0.05831;0.033398;0.027352
0.06169;0.031587;0.046834;0.031523;0.05935;0.051686;0.022229;0.055626;0.040218;0.031869;0.037031;0.033802;0.051244;0.034788;0.076191;0.043517;0.02873;0.088139;0.022351;0.032855;0.031703
0.051404;0.051045;0.049889;0.040026;0.065915;0.036275;0.02664;0.061668;0.035919;0.058687;0.0507;0.038932;0.050585;0.045629;0.048244;0.030509;0.032561;0.052405;0.028387;0.035688;0.03355
0.047683;0.052484;0.043162;0.037494;0.055269;0.0343;0.031671;0.097822;0.041385;0.035756;0.051245;0.0467;0.043594;0.023556;0.04659;0.027858;0.04712;0.092552;0.035357;0.076149;0.041482
0.092118;0.059291;0.073213;0.063812;0.053515;0.050489;0.028349;0.066982;0.042872;0.033533;0.059041;0.054927;0.061638;0.030275;0.074885;0.03978;0.073522;0.134129;0.03966;0.036076;0.051606
0.071912;0.047857;0.050782;0.054474;0.061107;0.040066;0.050786;0.04765;0.060313;0.037016;0.064827;0.068353;0.093702;0.053111;0.066471;0.056095;0.076438;0.062123;0.043967;0.049803;0.074806
0.055995;0.053185;0.073878;0.047074;0.079815;0.056146;0.038513;0.076474;0.058062;0.050669;0.071615;0.0633;0.083683;0.04197;0.063127;0.060699;0.054426;0.053091;0.088764;0.06585;0.095504
0.076969;0.071013;0.094708;0.060319;0.099189;0.054721;0.034164;0.049025;0.064895;0.041981;0.080258;0.073716;0.0697;0.047584;0.074664;0.061871;0.054137;0.071954;0.040874;0.049725;0.070128
0.08817;0.076976;0.086812;0.052292;0.190815;0.084193;0.04403;0.098293;0.085187;0.056818;0.095295;0.075862;0.098499;0.050463;0.08504;0.076756;0.073887;0.083328;0.040642;0.049474;0.080205
0.219095;0.07577;0.093769;0.060344;0.151331;0.088384;0.042859;0.079642;0.088092;0.072637;0.099977;0.113405;0.136331;0.050633;0.108704;0.072271;0.067512;0.072808;0.04727;0.069657;0.103769
0.359059;0.080678;0.134;0.085351;0.144439;0.093869;0.029456;0.09516;0.090588;0.074367;0.098752;0.088702;0.148558;0.070093;0.102629;0.071116;0.075776;0.080101;0.060167;0.072873;0.106404
0.258825;0.078148;0.128133;0.076694;0.142619;0.114056;0.05606;0.098075;0.101338;0.090474;0.124418;0.145371;0.1488;0.079121;0.139404;0.087092;0.095922;0.082658;0.06594;0.07118;0.105055
0.146595;0.10083;0.129467;0.083044;0.124575;0.117554;0.050122;0.127047;0.110002;0.082649;0.140618;0.143046;0.138824;0.105413;0.133969;0.095574;0.104324;0.071274;0.07203;0.082323;0.126583
0.127135;0.134144;0.141768;0.083445;0.157287;0.131947;0.068092;0.107221;0.125443;0.120772;0.152964;0.145618;0.151544;0.111392;0.149231;0.087593;0.117768;0.081952;0.127998;0.107874;0.126087
0.108466;0.118601;0.119229;0.086286;0.209796;0.140134;0.054303;0.145921;0.141118;0.110341;0.154063;0.15054;0.166741;0.12278;0.14398;0.096568;0.122946;0.091199;0.122953;0.142796;0.155803
0.115822;0.162473;0.143713;0.088874;0.153174;0.15774;0.079696;0.158995;0.167044;0.137138;0.172616;0.132054;0.177948;0.118251;0.166472;0.11739;0.126337;0.073073;0.137622;0.144032;0.133018
0.167189;0.151091;0.165891;0.100475;0.1836;0.155112;0.053651;0.147275;0.174683;0.141302;0.153961;0.154331;0.155171;0.141123;0.186523;0.148234;0.121624;0.102575;0.101094;0.147609;0.141189
0.169111;0.163055;0.179774;0.117921;0.170689;0.164886;0.090069;0.164417;0.152661;0.147229;0.165481;0.149539;0.150485;0.15804;0.184321;0.154827;0.129353;0.114375;0.104342;0.112489;0.145523
0.2198;0.165734;0.158447;0.112621;0.211298;0.178109;0.076967;0.165575;0.147279;0.145556;0.130509;0.183341;0.145712;0.16322;0.184765;0.154185;0.143859;0.113255;0.115831;0.159531;0.158443
0.143682;0.172208;0.187523;0.145224;0.287847;0.16724;0.076741;0.204686;0.174754;0.165247;0.154644;0.200635;0.161709;0.152993;0.190515;0.156449;0.152893;0.10794;0.126384;0.174811;0.155487
0.158391;0.208558;0.163422;0.176028;0.496974;0.189798;0.092193;0.216024;0.201134;0.173834;0.187408;0.167329;0.170936;0.156635;0.169128;0.164738;0.180781;0.132146;0.14472;0.193318;0.207684
0.17234;0.179362;0.181481;0.166249;0.535158;0.178337;0.082499;0.442735;0.172382;0.160646;0.162783;0.163856;0.178539;0.191173;0.275973;0.18272;0.192317;0.136814;0.153872;0.201204;0.180846
0.263617;0.184349;0.193409;0.15016;0.312195;0.172202;0.125861;0.332544;0.178846;0.264408;0.162875;0.16705;0.223261;0.185232;0.278985;0.182376;0.194957;0.136181;0.157811;0.245384;0.240982
0.248756;0.276595;0.249941;0.152919;0.33021;0.188538;0.104705;0.385488;0.199707;0.226033;0.167302;0.193978;0.197921;0.246226;0.310081;0.207663;0.219562;0.128236;0.174872;0.172399;0.307393
0.178874;0.28271;0.307583;0.174076;0.375632;0.17772;0.135271;0.386097;0.189436;0.22571;0.1729;0.269217;0.184158;0.201323;0.318194;0.39039;0.272837;0.169675;0.152565;0.175666;0.276359
0.216983;0.330049;0.369718;0.150881;0.386631;0.208315;0.141309;0.345815;0.28769;0.205498;0.204493;0.167805;0.177167;0.192681;0.40639;0.289191;0.341023;0.1442;0.159435;0.241304;0.308233
0.195638;0.315857;0.325671;0.196062;0.365619;0.265664;0.142821;0.281534;0.295108;0.208374;0.183505;0.180109;0.196069;0.309952;0.35956;0.333123;0.296516;0.154677;0.177717;0.175776;0.322139
0.302911;0.318888;0.425142;0.168236;0.411265;0.435374;0.168677;0.367178;0.290598;0.220551;0.214721;0.170565;0.215642;0.208065;0.467964;0.350323;0.301223;0.187468;0.205552;0.229733;0.346648
