0.018458;0.001944;0.001822;0.001734;0.001925;0.002052;0.002496;0.002114;0.001819;0.001871;0.002578;0.001821;0.002188;0.001937;0.002183;0.0017;0.002032;0.001752;0.001792;0.00227;0.00187
0.17742;0.001817;0.154614;0.046625;0.003289;0.030879;0.002139;0.002827;0.135321;0.035757;0.002898;0.002035;0.038024;0.034816;0.047868;0.006702;0.03646;0.025992;0.026613;0.036352;0.037833
0.172901;0.035645;0.015602;0.023016;0.002362;0.020186;0.002211;0.003185;0.018699;0.035742;0.002157;0.002805;0.051007;0.107548;0.028989;0.132922;0.031745;0.140951;0.058592;0.039145;0.040272
0.108503;0.010899;0.051649;0.053518;0.018633;0.044074;0.002865;0.026082;0.024973;0.041454;0.00252;0.002426;0.019687;0.034176;0.041802;0.021508;0.018563;0.020433;0.034986;0.032079;0.032843
0.068183;0.026138;0.032429;0.030651;0.032164;0.026712;0.030689;0.032965;0.034366;0.044266;0.003257;0.003199;0.049087;0.114602;0.026569;0.038388;0.031038;0.023461;0.025267;0.039915;0.021019
0.109399;0.040422;0.067359;0.044189;0.045332;0.049691;0.031605;0.065862;0.029748;0.025545;0.077715;0.025047;0.037682;0.021349;0.043596;0.028051;0.06729;0.024719;0.040136;0.025893;0.030456
0.047663;0.035804;0.031269;0.037318;0.02691;0.020881;0.031417;0.031303;0.026538;0.057662;0.037865;0.025473;0.027957;0.018508;0.034474;0.054879;0.03402;0.023891;0.05736;0.035535;0.064596
0.053326;0.042709;0.041395;0.036081;0.069289;0.025203;0.031678;0.04949;0.051813;0.041182;0.030592;0.08527;0.078574;0.027156;0.031636;0.051481;0.058349;0.028972;0.093148;0.031588;0.033241
0.034695;0.055133;0.040054;0.046116;0.028076;0.046049;0.041855;0.046221;0.10118;0.037404;0.036782;0.042841;0.049486;0.041812;0.051642;0.058984;0.054852;0.030697;0.066909;0.029914;0.037705
0.030524;0.047471;0.046032;0.044096;0.061882;0.034937;0.042002;0.07335;0.044309;0.039246;0.043422;0.07013;0.078599;0.024892;0.04394;0.040641;0.046642;0.040902;0.051965;0.047548;0.039654
0.023909;0.031055;0.046515;0.066653;0.039883;0.053357;0.059053;0.040696;0.056475;0.043799;0.036525;0.051682;0.04698;0.042486;0.046798;0.068058;0.068336;0.055339;0.114441;0.063035;0.04093
0.035752;0.069476;0.04993;0.097815;0.081126;0.096363;0.052542;0.07922;0.102855;0.04139;0.043079;0.048133;0.110478;0.031469;0.038213;0.057655;0.067037;0.03527;0.049636;0.064135;0.146753
0.055245;0.039803;0.05241;0.076449;0.278472;0.047069;0.078089;0.095221;0.081275;0.040592;0.053777;0.049355;0.102392;0.039695;0.044356;0.092783;0.066819;0.05316;0.105194;0.065147;0.156294
0.061071;0.04138;0.126102;0.082706;0.126667;0.073215;0.133137;0.137463;0.113323;0.05462;0.056233;0.057395;0.156757;0.057368;0.049481;0.09495;0.209198;0.134961;0.137035;0.063715;0.092789
0.058938;0.04961;0.099449;0.192723;0.135095;0.062508;0.163815;0.269276;0.145727;0.064772;0.078522;0.132168;0.288213;0.048214;0.047252;0.082692;0.310817;0.088024;0.109369;0.140003;0.112625
0.10999;0.072514;0.085134;0.151941;0.156954;0.068797;0.142834;0.392146;0.193053;0.076072;0.115989;0.112495;0.221092;0.115554;0.069887;0.082835;0.161261;0.104763;0.115842;0.32532;0.102487
0.058759;0.070809;0.08421;0.349761;0.247655;0.090762;0.351146;0.857103;0.164268;0.174087;0.110524;0.137964;0.398173;0.107108;0.075439;0.130667;0.220168;0.081866;0.176491;0.501332;0.19089
0.077266;0.08423;0.139667;0.371307;0.34633;0.147583;0.422306;1.07283;0.329838;0.125195;0.133917;0.184454;1.14948;0.099322;0.185636;0.086431;0.301416;0.12771;0.172362;0.47439;0.159759
0.107674;0.160655;0.203349;0.504509;0.391593;0.199605;0.44784;1.4799;0.403602;0.139421;0.139168;0.347055;0.970464;0.12386;0.143646;0.112372;0.288136;0.150305;0.169741;1.43763;0.327301
0.083622;0.130868;0.240376;0.377835;1.01618;0.345142;1.35643;1.65939;0.615966;0.194446;0.165871;0.395939;1.3735;0.117098;0.204047;0.125604;0.411114;0.21478;0.169138;1.83611;0.145369
0.148665;0.147565;0.417359;1.06682;0.932528;0.280921;2.47931;1.65127;1.17072;0.153968;0.154231;0.373129;2.29702;0.178372;0.352557;0.239029;0.711225;0.346195;0.310107;1.85178;0.28867
0.164426;0.200307;0.532899;1.167;1.00002;0.370857;3.8089;2.47073;1.41843;0.233627;0.376961;0.448695;5.14509;0.187015;0.203452;0.182253;1.18159;0.674258;0.393934;3.72516;0.275221
0.208012;0.192616;1.03642;1.20086;1.36983;0.440235;7.39188;5.92467;1.37432;0.314085;0.484325;1.78678;3.18191;0.305512;0.461593;0.459862;1.62848;1.28737;0.383329;6.66956;0.413136
0.30879;0.244409;1.56086;0.697963;5.46282;0.419196;16.111;6.59308;1.68024;0.486249;1.35972;2.13829;10.3117;0.353565;0.630509;0.292086;1.60797;1.30281;0.635991;5.44922;0.408209
0.308741;0.299858;1.35986;1.44859;1.36216;0.746891;43.3919;12.0243;1.54738;0.41213;1.55435;2.51002;10.7087;0.484863;1.37957;0.389247;1.91452;2.95133;1.22297;14.2836;1.48605
0.467272;0.348701;1.51947;1.85008;2.04487;0.530153;135.728;19.5267;2.24109;0.445764;1.68045;6.97543;29.5624;0.607223;1.78734;0.460319;2.44482;3.26607;1.42675;15.5647;1.56453
0.661403;0.296231;1.4368;2.04024;2.20844;1.34006;215.693;30.1297;2.42674;0.536375;5.53994;3.40494;25.1516;1.52078;1.90492;0.646461;5.64773;8.40295;1.26526;28.5637;2.62202
1.42884;0.464646;2.62691;2.71182;6.94881;1.85182;309.014;39.6907;2.53105;0.530518;5.93759;2.75243;60.7426;1.49105;3.01604;1.52937;15.1275;3.82702;1.38791;76.8896;3.01932
1.31329;0.570225;2.24723;4.37672;7.37477;1.82907;590.701;74.4051;3.40907;0.568068;6.90998;3.6004;139.912;1.84387;3.58008;1.50663;11.8945;17.4543;1.31652;78.6584;3.13066
1.47541;1.40862;2.47082;8.28471;3.59988;1.61341;1164.94;130.509;10.6094;1.67918;9.43999;14.6156;94.1545;2.27104;8.57213;1.53796;24.9431;16.5978;1.84739;412.518;7.60691
