0.016271;0.001812;0.00226;0.002014;0.002027;0.001858;0.002168;0.00208;0.003874;0.001957;0.001821;0.001932;0.001973;0.002158;0.002055;0.001966;0.002198;0.001828;0.002526;0.003099;0.00236
0.04789;0.00227;0.025589;0.149343;0.002162;0.042479;0.001988;0.002076;0.042963;0.02935;0.001888;0.002339;0.037305;0.02301;0.021549;0.00671;0.027235;0.032032;0.035718;0.02657;0.020194
0.027888;0.077192;0.031325;0.084477;0.002902;0.014782;0.002224;0.00234;0.021269;0.031913;0.002282;0.002357;0.017346;0.019504;0.026281;0.02963;0.072735;0.037873;0.077547;0.03011;0.099737
0.029767;0.009034;0.02532;0.04853;0.012906;0.010876;0.002327;0.028139;0.023038;0.036318;0.00257;0.003836;0.049049;0.028276;0.028312;0.02204;0.04513;0.020042;0.023556;0.031409;0.017553
0.028269;0.029465;0.030425;0.024337;0.030187;0.052021;0.049838;0.0297;0.029714;0.030957;0.002811;0.002992;0.025806;0.017719;0.029516;0.033927;0.034962;0.024231;0.028377;0.091451;0.045077
0.023931;0.042407;0.016978;0.032177;0.119305;0.035857;0.018384;0.044884;0.018855;0.021753;0.02893;0.02982;0.037367;0.058357;0.026427;0.051395;0.033814;0.039249;0.030448;0.027827;0.024393
0.023306;0.03068;0.047087;0.051495;0.028322;0.056573;0.032029;0.036284;0.02419;0.036118;0.02347;0.019665;0.020147;0.020139;0.031851;0.031583;0.040996;0.017272;0.042956;0.034398;0.03333
0.028931;0.040887;0.025572;0.026999;0.032044;0.039208;0.027675;0.026276;0.033769;0.020547;0.028245;0.021452;0.028894;0.018152;0.027117;0.036975;0.057048;0.022458;0.033881;0.028133;0.02532
0.017467;0.044716;0.05352;0.037664;0.029224;0.046327;0.036047;0.035886;0.043429;0.034899;0.030928;0.029799;0.033258;0.026443;0.03466;0.035406;0.052102;0.03393;0.033578;0.10211;0.039188
0.036356;0.030418;0.072422;0.038206;0.026993;0.092512;0.064303;0.034957;0.048055;0.029101;0.106624;0.041856;0.038075;0.026917;0.031591;0.038151;0.066465;0.034646;0.039755;0.045075;0.061119
0.031918;0.034588;0.043345;0.041206;0.047636;0.05585;0.05655;0.046745;0.053261;0.038626;0.051616;0.029763;0.043289;0.033632;0.046539;0.055561;0.058381;0.068979;0.054538;0.05136;0.048254
0.029406;0.048722;0.046177;0.044487;0.043425;0.029702;0.053504;0.054212;0.057289;0.071407;0.04003;0.046096;0.049259;0.043573;0.049766;0.047935;0.043777;0.055928;0.036044;0.049302;0.066422
0.050008;0.02925;0.040333;0.047418;0.068766;0.042375;0.057217;0.065981;0.064472;0.049354;0.093813;0.065733;0.074188;0.053837;0.057196;0.075621;0.066557;0.051166;0.038803;0.049819;0.054388
0.037446;0.054071;0.048117;0.051048;0.059463;0.044991;0.053756;0.072053;0.098282;0.063004;0.053511;0.066711;0.050354;0.065201;0.068993;0.073691;0.094095;0.070368;0.043039;0.058916;0.072452
0.067675;0.029535;0.078613;0.057989;0.067715;0.04837;0.070393;0.070279;0.077943;0.148865;0.052542;0.071511;0.071302;0.070521;0.072188;0.056495;0.080842;0.059915;0.070584;0.054106;0.090199
0.054858;0.048276;0.064532;0.069757;0.07428;0.04302;0.069248;0.076247;0.104317;0.067774;0.070154;0.077058;0.077444;0.05433;0.072369;0.076303;0.077978;0.060257;0.05877;0.07353;0.074977
0.045697;0.054367;0.089221;0.088474;0.085108;0.069297;0.062909;0.075349;0.095221;0.10097;0.097154;0.073592;0.097258;0.112008;0.089267;0.074635;0.086792;0.06777;0.084931;0.103855;0.111293
0.055126;0.087838;0.079617;0.08006;0.091412;0.076631;0.078262;0.087375;0.10678;0.113436;0.096262;0.095063;0.125404;0.069305;0.073402;0.108168;0.108274;0.095123;0.089756;0.101892;0.122026
0.081861;0.071423;0.097069;0.089393;0.093509;0.085817;0.080222;0.12073;0.093136;0.095004;0.082836;0.124774;0.582637;0.082877;0.106061;0.11744;0.090061;0.109679;0.112339;0.1316;0.137917
0.053429;0.061326;0.095826;0.165869;0.082205;0.077489;0.110735;0.107604;0.089577;0.119041;0.088943;0.109051;0.129166;0.089851;0.110531;0.132288;0.104622;0.117833;0.102027;0.121954;0.102598
0.050864;0.085802;0.110755;0.090775;0.075013;0.088206;0.12183;0.121812;0.125343;0.142502;0.098447;0.142283;0.135467;0.122771;0.143403;0.138476;0.135766;0.128316;0.108748;0.143112;0.12783
0.063283;0.079484;0.142888;0.13615;0.099225;0.103898;0.142774;0.153377;0.166353;0.143428;0.162115;0.163731;0.146535;0.122481;0.142201;0.164795;0.119241;0.109724;0.127412;0.129395;0.130058
0.058139;0.114968;0.142807;0.137183;0.129217;0.117017;0.16554;0.159912;0.175238;0.145116;0.133905;0.148289;0.129604;0.144244;0.140678;0.151133;0.105406;0.104902;0.125238;0.145623;0.15713
0.081791;0.109429;0.139701;0.196592;0.111645;0.118983;0.144786;0.15075;0.305097;0.15693;0.143148;0.148695;0.143824;0.140992;0.146662;0.171016;0.123776;0.153359;0.148489;0.152724;0.176745
0.102142;0.156088;0.163786;0.161022;0.096557;0.115197;0.155176;0.146913;0.263346;0.146391;0.153326;0.169628;0.142166;0.170175;0.144278;0.153378;0.123665;0.149216;0.145284;0.159773;0.244081
0.08753;0.256946;0.144753;0.166159;0.138554;0.13841;0.157257;0.162618;0.25312;0.148918;0.159428;0.195944;0.15407;0.147338;0.152155;0.161607;0.143552;0.148104;0.179806;0.14716;0.355721
0.081532;0.113672;0.150861;0.172448;0.111309;0.149643;0.192104;0.185126;0.331613;0.17594;0.171592;0.214918;0.14242;0.151574;0.155772;0.158493;0.149144;0.173322;0.167051;0.181194;0.219844
0.090771;0.120937;0.169145;0.20716;0.108925;0.149718;0.16412;0.172351;0.252106;0.18276;0.17641;0.240488;0.181072;0.157338;0.161816;0.175619;0.155158;0.630792;0.152795;0.234749;0.233273
0.102779;0.172559;0.197619;0.201331;0.127066;0.223541;0.175458;0.176478;0.509117;0.186837;0.170525;0.206466;0.179543;0.1913;0.168738;0.154992;0.162564;0.14437;0.186663;0.297808;0.256824
0.138051;0.18548;0.36356;0.198213;0.14047;0.18065;0.197606;0.187864;0.447069;0.178567;0.196872;0.2317;0.164988;0.180879;0.180341;0.132148;0.158856;0.164078;0.226027;0.204622;0.246904
